000007 876
000002 7012
000005 1206
000001 4153
000009 4420
000004 472
000008 903
000010 1192
000006 1048
000014 802
000011 1194
000016 2454
000012 2216
000019 1362
000020 689
000025 2188
000021 1982
000026 607
000023 460
000027 1319
000028 459
000030 1080
000032 519
000031 1326
000034 1263
000036 1142
000038 1081
000037 452
000035 590
000039 1263
000049 946
000045 639
000046 984
000048 655
000042 473
000050 2464
000058 1206
000056 803
000059 1248
000017 1335
000055 784
000062 999
000060 1270
000065 524
000066 2909
000068 868
000070 1300
000088 1033
000069 1329
000078 1770
000096 534
000150 880
000090 956
000100 6975
000151 1082
000156 912
000157 3697
000153 755
000089 792
000159 1524
000099 969
000158 1859
000166 2004
000333 2372
000338 2757
000301 903
000402 1672
000400 979
000401 1655
000155 1394
000408 1353
000403 811
000404 939
000409 849
000411 688
000407 776
000415 1424
000410 2268
000416 751
000419 560
000421 677
000413 5173
000417 695
000422 1469
000420 924
000428 845
000429 449
000423 1412
000425 2509
000426 1453
000488 1704
000503 1356
000430 534
000501 744
000502 653
000504 657
000061 989
000040 1495
000509 1814
000513 699
000506 1553
000514 1089
000063 7438
000517 1036
000510 2397
000516 1609
000521 1482
000518 2122
000519 2234
000520 2463
000523 1358
000525 768
000528 1418
000526 657
000530 867
000531 757
000524 735
000533 1032
000537 912
000532 1188
000536 1594
000529 806
000538 1018
000534 608
000541 1491
000539 559
000544 489
000546 457
000545 1341
000547 1425
000543 1174
000548 532
000550 826
000553 938
000555 1382
000557 1422
000540 2975
000558 1147
000559 2116
000551 824
000554 1208
000552 643
000560 776
000564 2296
000561 809
000565 585
000570 545
000567 1029
000571 1171
000572 1940
000566 994
000568 2070
000573 667
000576 1177
000585 1250
000563 1269
000505 1267
000582 901
000584 891
000581 868
000590 661
000498 1136
000587 2193
000589 1058
000595 1163
000593 709
000591 1602
000596 759
000507 1807
000592 1613
000599 1085
000597 858
000598 1742
000605 678
000606 1629
000600 878
000586 794
000610 1121
000608 613
000611 1009
000607 1093
000601 958
000616 1744
000609 1234
000619 594
000603 1415
000612 1669
000617 505
000613 809
000620 1035
000623 1688
000628 635
000629 4409
000626 1199
000625 3851
000635 969
000631 621
000632 838
000636 2421
000638 848
000637 771
000651 6467
000650 1948
000652 3063
000639 634
000655 1024
000656 1705
000615 1327
000630 2001
000627 1746
000661 1867
000633 780
000663 821
000667 1997
000657 961
000665 798
000668 357
000669 733
000662 1140
000671 819
000677 1307
000666 815
000678 686
000676 2044
000673 1359
000679 815
000672 1607
000680 1240
000683 1638
000682 1193
000685 727
000686 1244
000690 965
000691 744
000681 1087
000697 2388
000698 1490
000695 347
000688 1034
000701 898
000687 1148
000702 675
000692 635
000700 2213
000707 1029
000708 574
000711 857
000709 3569
000712 1361
000710 704
000713 1680
000705 557
000717 1689
000659 1372
000720 1003
000716 1127
000721 1171
000718 1324
000719 546
000722 859
000726 826
000725 10554
000728 1659
000729 984
000723 3983
000732 1731
000735 7744
000727 1989
000703 1028
000731 1242
000739 947
000715 567
000736 499
000737 953
000733 819
000738 1220
000750 2205
000757 644
000752 1483
000755 1020
000753 760
000758 1997
000751 1879
000756 587
000766 968
000762 1563
000768 2609
000759 668
000777 917
000778 2041
000782 959
000779 618
000783 1835
000776 1997
000785 928
000761 663
000780 812
000793 2057
000791 895
000786 919
000795 1779
000797 828
000796 1063
000767 1221
000798 820
000799 3146
000800 2715
000806 2388
000802 1603
000801 640
000788 1088
000790 1694
000789 1375
000809 1901
000811 1020
000812 1125
000803 479
000816 2550
000818 1584
000819 2361
000813 1529
000821 887
000823 1398
000825 1739
000810 1201
000622 1209
000807 1484
000826 1210
000828 733
000829 2154
000820 1670
000822 967
000830 2267
000833 811
000836 976
000848 764
000850 1279
000831 2737
000839 3969
000838 1166
000837 1095
000858 4280
000815 1047
000835 1385
000852 1152
000859 1491
000860 1007
000861 882
000862 1418
000868 1771
000869 871
000863 581
000856 1356
000851 2045
000878 1683
000881 1339
000880 401
000883 1389
000876 2197
000875 2100
000886 1410
000888 434
000890 743
000887 705
000892 1012
000895 1833
000893 671
000898 1455
000889 763
000900 1236
000897 1989
000901 1134
000903 1780
000906 492
000905 930
000910 454
000899 786
000911 676
000912 1290
000913 1069
000917 2369
000909 512
000902 654
000918 1709
000908 1123
000921 1083
000915 444
000920 627
000923 913
000925 672
000919 545
000929 605
000931 1464
000930 2282
000927 1745
000922 1270
000932 1897
000933 1611
000935 2466
000936 1402
000950 717
000938 1647
000926 1555
000937 1029
000928 1323
000951 764
000949 1220
000957 1337
000953 824
000958 1648
000952 700
000960 1692
000963 1232
000966 1186
000967 398
000965 863
000968 678
000955 2003
000962 848
000969 1223
000970 1974
000973 1762
000959 1022
000948 920
000975 1400
000977 2618
000978 663
000972 1028
000976 971
000971 877
000981 1254
000985 409
000987 1427
000988 1932
000961 897
000980 2961
000990 892
000993 928
000983 1396
000998 1529
000997 1713
000999 801
000996 2406
001872 505
001896 1314
000982 2368
001914 904
001965 285
002001 1185
001696 1358
001979 834
002002 1828
002004 929
002005 1662
002006 1047
002008 2229
002007 1928
002009 762
002011 1086
000989 856
002014 489
002010 568
002012 1250
002016 912
002015 603
002019 1219
002021 900
002013 1005
002020 633
002023 1507
002022 1102
002025 747
002024 7349
002028 1025
002030 2902
002032 313
002027 2103
002026 572
002017 1012
002033 559
002029 991
002031 1010
002034 359
002035 763
002036 1090
002040 754
002039 477
002037 517
002041 1186
002044 1093
002043 2044
002045 1195
002046 943
002042 653
002038 1176
002047 901
002050 733
002049 2485
002051 637
002054 960
002056 1531
002055 885
002058 334
002053 623
002052 2213
002048 999
002059 547
002060 973
002062 579
002064 831
002063 1140
002065 2201
000882 1256
002068 854
002057 1501
002067 1634
002066 618
002069 1695
002072 860
002073 1180
002061 806
002076 930
002077 1180
002078 965
002075 1448
002079 1389
002084 860
002083 1302
002080 672
002082 711
002074 2595
002085 582
002087 1181
002089 1465
002081 1037
002091 828
002092 2061
002088 408
002086 1136
002096 462
002095 1000
002093 1179
002097 1175
002100 928
002094 892
002103 824
002101 432
002071 1687
002099 1001
002105 606
002106 1857
002107 536
002098 765
002108 1542
002109 895
002110 1293
002111 593
002113 1060
002115 957
002116 292
002104 1791
002114 922
002112 603
002118 2194
002120 776
002121 1030
002123 1572
002124 1323
002119 1068
002125 726
002122 1183
002126 732
002129 1871
002127 1232
002128 786
002130 1184
002131 2410
002102 1679
002132 1099
002090 433
002137 1169
002133 640
002138 794
002140 619
002139 938
002134 669
002141 740
002142 987
002146 1551
002147 919
002144 529
002148 1029
002145 1391
002149 599
002150 441
002151 1828
002152 1599
002153 508
002117 565
002156 1675
002154 1287
002136 691
002155 1989
002003 553
002159 215
002160 953
002162 970
002164 927
002163 1375
002157 2147
002165 693
002168 1882
002169 1352
002167 1271
002166 1358
002158 849
002161 2068
002174 1787
002170 1137
002173 384
002175 1231
002172 807
002177 2019
002178 1318
002179 589
002180 683
002182 1039
002181 1069
002171 753
002183 1864
002184 660
002188 626
002189 695
002190 2547
002186 1392
002187 490
002191 1030
002176 2418
002192 1505
002195 2715
002193 444
002185 3150
002194 1565
002198 513
002200 1046
002197 963
002199 1020
002201 1791
002202 2369
002207 855
002204 1305
002206 670
002205 614
002203 563
002212 602
002208 1073
002210 1169
002209 468
002211 988
002196 617
002214 1164
002213 413
002221 900
002222 1049
002215 953
002223 1458
002217 1900
002220 620
002216 634
002229 1335
002230 3233
002218 861
002227 606
002219 696
002234 1134
002224 925
002225 782
002228 606
002231 780
002232 661
002233 1045
002240 2979
002241 3033
002235 1876
002237 2015
002238 495
002245 1001
002246 745
002239 2485
002248 761
002250 448
002236 1686
002251 742
002242 944
002244 709
002254 618
002247 579
002249 1042
002253 589
002243 1853
002255 762
002252 1778
002264 1487
002258 474
002266 1208
002256 1499
002267 541
002269 1532
002268 763
002259 992
002271 788
002261 2312
002274 1211
002262 423
002275 317
002263 2261
002278 707
002270 685
002280 2439
002272 835
002281 962
002283 715
002276 1243
002284 973
002135 903
002282 503
002287 474
002285 971
002288 1392
002286 744
002289 797
002291 2092
002290 488
002294 848
002292 1586
002296 788
002298 1117
002293 430
002279 756
002295 318
002265 773
002302 1556
002301 538
002297 768
002306 2209
002299 910
002308 1374
002300 1020
002277 1724
002273 1436
002303 1266
002305 1153
002307 1596
002309 828
002316 735
002311 404
002317 870
002313 794
002312 1818
002321 1124
002314 818
002310 2283
002315 931
002325 985
002318 826
002320 1034
002319 680
002304 1879
002323 733
002324 405
002326 1636
002333 493
002327 451
002328 983
002336 689
002329 1919
002337 772
002330 1076
002332 712
002334 1017
002343 912
002335 609
002340 2796
002346 940
002341 1353
002347 603
002348 834
002344 1114
002349 492
002350 669
002345 602
002351 2166
002352 1321
002356 831
002357 615
002354 1291
002360 648
002355 976
002361 766
002363 647
002322 399
002339 844
002362 1847
002338 729
002364 592
002331 867
002370 782
002365 595
002366 945
002367 723
002368 594
002375 970
002372 458
002376 649
002371 1052
002377 568
002378 909
002373 1223
002374 716
002353 1589
002379 1482
002385 2953
002381 411
002380 354
002382 1326
002383 987
002390 698
002384 1359
002386 1239
002387 969
002393 752
002389 1183
002396 1215
002392 883
002397 870
002398 469
002394 673
002400 4302
002395 373
002403 515
002402 1151
002399 1518
002369 1330
002401 716
002404 974
002407 2189
002408 1326
002409 680
002391 710
002412 390
002405 2525
002413 1199
002410 631
002417 1022
002411 1901
002418 841
002388 791
002420 573
002414 964
002415 1771
002416 1136
002424 1569
002425 1497
002419 672
002426 1181
002427 752
002430 574
002423 1088
002428 1373
002358 975
002406 672
002433 655
002429 1158
002432 1336
002438 403
002435 465
002439 921
002431 1520
002437 916
002441 674
002443 936
002436 1664
002440 1013
002422 1165
002442 711
002421 1106
002449 910
002444 930
002452 581
002445 892
002446 958
002453 759
002451 963
002448 854
002459 973
002456 4881
002447 1752
002462 413
002454 555
002458 1308
002457 1342
002455 522
002466 4300
002467 2088
002463 2464
002465 1620
002464 1138
002461 779
002434 449
002460 3118
002475 2003
002469 586
002470 1526
002471 1140
002479 693
002472 505
002474 1025
002478 498
002481 2559
002482 757
002476 1006
002480 674
002488 1134
002483 554
002484 626
002485 495
002486 2338
002493 527
002487 651
002494 1057
002491 1149
002495 748
002489 1410
002498 1617
002499 427
002496 1108
002490 947
002503 2548
002473 408
002500 1361
002468 1101
002506 5795
002502 739
002501 1207
002505 1853
002511 850
002492 726
002513 600
002504 766
002514 515
002515 1255
002508 640
002510 1825
002512 1137
002521 941
002519 505
002520 482
002507 735
002516 767
002517 1392
002524 1178
002529 664
002518 477
002522 657
002526 1423
002527 607
002534 415
002535 925
002528 901
002530 603
002536 734
002533 633
002539 562
002537 951
002541 460
002543 464
002538 775
002542 831
002540 659
002545 639
002544 646
002546 599
002550 751
002547 2898
002551 1290
002532 730
002552 1680
002553 696
002554 1072
002555 1659
002557 583
002556 1341
002560 870
002558 1136
002561 481
002548 797
002563 520
002564 1452
002523 587
002562 743
002565 2007
002568 612
002569 474
002570 1903
002567 1278
002497 2372
002574 917
002571 894
002566 576
002573 850
002576 488
002531 693
002572 385
002580 597
002579 774
002577 711
002581 3034
002582 1174
002559 653
002575 1000
002584 1353
002585 780
002578 459
002590 666
002588 651
002549 508
002592 601
002583 958
002591 491
002594 5990
002586 607
002597 581
002599 321
002587 612
002593 620
002603 2215
002595 379
002605 1082
002598 552
002607 2215
002596 1743
002609 555
002611 858
002601 1210
002600 3642
002606 1427
002608 897
002614 801
002616 461
002610 2138
002613 870
002615 617
002621 373
002618 776
002620 422
002589 755
002624 1171
002623 542
002622 1381
002612 1100
002619 873
002625 2287
002631 653
002626 1113
002602 1489
002627 392
002628 1196
002636 766
002630 1104
002629 1844
002632 462
002639 1235
002633 491
002638 1066
002641 431
002643 528
002634 633
002617 1718
002645 618
002635 1101
002647 2975
002637 661
002642 1104
002650 1190
002651 586
002653 393
002646 1202
002652 462
002648 810
002657 1098
002658 646
002659 376
002644 546
002660 737
002661 581
002655 1497
002654 646
002665 1468
002656 689
002649 924
002669 484
002662 1227
002670 1100
002663 1031
002672 516
002673 2055
002675 400
002664 537
002666 689
002676 588
002667 512
002679 623
002671 436
002683 580
002674 303
002684 877
002686 375
002640 1530
002688 585
002687 502
002689 763
002692 458
002690 345
002694 715
002691 565
002695 1106
002668 2470
002677 458
002682 635
002681 1317
002697 1145
002678 557
002701 1307
002702 1912
002703 989
002705 374
002707 681
002706 337
002696 639
002712 427
002700 599
002699 827
002715 377
002708 1138
002718 316
002709 877
002719 459
002716 1644
002722 705
002717 847
002713 350
002721 1141
002727 473
002723 416
002725 484
002714 1248
002724 393
002698 485
002731 657
002726 959
002733 934
002728 286
002730 322
002732 457
002738 392
002740 554
002735 266
002736 968
002741 582
002737 697
002745 526
002746 629
002739 2246
002748 362
002749 234
002750 758
002742 692
002751 847
002753 270
002747 572
002752 424
002758 315
002757 371
002729 250
002760 334
002759 640
002761 953
002763 282
002765 379
002766 441
002755 624
002743 478
002762 461
002769 509
002772 464
002771 509
002768 748
002773 274
002770 1129
002776 588
002777 291
002767 253
002775 288
002779 262
002774 338
002782 652
002780 431
002781 338
002787 310
002783 603
002785 442
002786 566
002693 540
002791 403
002792 471
002790 299
002788 358
002795 554
002796 364
002778 240
002797 2536
002801 294
002799 406
002793 616
002800 381
002798 347
002807 622
002802 289
002808 431
002803 366
002810 272
002805 437
002813 501
002806 495
002789 290
002817 216
002818 348
002809 390
002815 395
002816 204
002820 337
002821 370
002812 411
002811 311
002825 300
002822 582
002823 341
002829 327
002826 232
002827 362
002824 353
002828 423
002830 378
002832 196
002836 323
002838 1225
002835 283
002756 417
002734 294
002841 232
002837 520
002840 281
002839 963
002819 445
002847 428
002842 396
002833 158
002845 388
002846 519
002843 345
002855 195
002849 183
002848 543
002858 259
002850 385
002859 271
002852 452
002861 219
002863 540
002853 339
002864 335
002856 380
002857 136
002831 240
002869 546
002865 386
002866 333
002867 315
002872 464
002875 338
002868 180
002876 176
002877 305
002870 247
002878 320
002871 305
002879 262
002883 199
002881 455
002851 290
002882 234
002884 200
002880 269
002885 495
002888 352
002886 490
002862 299
002892 375
002889 372
002860 227
002890 158
002897 459
002893 348
002898 178
002895 446
002901 253
002896 212
002873 291
002899 216
002900 332
002902 620
002903 467
002905 814
002911 309
002906 314
002909 264
002907 525
002916 996
002908 487
002915 491
002912 425
002920 367
002917 331
002910 446
002921 219
002922 258
002913 397
002926 541
002887 283
002928 434
002927 545
002918 306
002931 454
002930 914
002919 333
002925 575
002937 405
002929 571
002939 764
002891 164
002941 915
002940 206
002932 462
002942 272
002943 335
002946 337
002938 464
002948 417
002933 287
002935 375
002951 205
002953 415
002936 346
002956 192
002945 847
002958 701
002947 293
002949 316
002950 578
002952 183
002963 174
002957 293
002959 442
002960 273
002961 381
002962 389
002970 286
002965 379
002972 161
002967 381
002968 108
002976 148
002969 312
002977 326
002978 157
002973 192
002975 275
002923 309
002981 236
002982 294
002979 249
002980 551
002983 211
002985 356
002989 158
002990 258
002986 158
002992 141
003816 703
002987 248
002991 157
002955 362
002995 143
600006 2042
600008 1674
600000 4091
600010 6513
002966 488
600009 1115
600004 981
600007 445
600018 1654
600015 1606
600012 498
600011 956
002988 154
600022 2639
600019 2432
600026 1288
600021 1658
600023 1186
600016 3319
600029 2219
600028 4259
600020 1311
600035 871
600030 8776
600036 2134
002971 231
600031 3482
600037 1262
600050 4838
600038 776
600051 926
600052 969
600039 1461
600017 983
600054 422
600056 1062
600048 2816
600057 933
600055 504
600059 1241
600053 1221
600061 1111
600025 789
600063 1414
600064 1440
600058 1313
600062 804
600067 1549
600066 1026
600027 1029
600070 874
600033 1281
600076 920
600060 3068
600077 618
600072 2159
600071 666
600073 1144
600075 1122
600081 764
600078 1606
600084 1700
600079 771
600085 1026
600082 1048
600089 2903
600083 770
600086 1655
600088 1004
600090 1301
600091 570
600069 2178
600095 2275
600099 449
600094 1313
600100 2796
600093 1913
600068 2693
600104 2668
600103 1196
600096 1425
600106 1042
600098 796
600110 2850
600101 968
600111 5961
600112 1933
600105 1144
600113 1644
600107 1009
600109 2165
600118 1976
600114 966
600115 2122
600120 1581
600116 1156
600117 752
600080 1095
600119 851
600127 2469
600123 1361
600129 702
600128 1116
600126 738
600130 2029
600132 2690
600125 1248
600108 2099
600137 569
600133 1564
600122 1849
600138 867
600141 1243
600139 1079
600131 883
600135 998
600136 640
600150 2648
600097 533
600149 1983
600152 1063
600121 1324
600145 1359
600151 1238
600143 1945
600153 1186
600159 1187
600160 1850
600146 1453
600161 1398
600162 1300
600163 1444
600148 542
600168 670
600155 1295
600170 1335
600157 4222
600172 1176
600171 1439
600158 3673
600175 2303
600165 1245
600167 604
600173 654
600177 2041
600182 1167
600179 899
600180 529
600166 4041
600169 1517
600186 1337
600178 776
600184 516
600188 976
600191 1243
600192 746
600190 552
600183 1801
600156 735
600196 3203
600195 756
600198 2514
600197 1031
600176 918
600201 523
600202 1050
600199 1880
600189 953
600206 1889
600200 4027
600207 1938
600203 917
600185 1694
600193 1350
600211 944
600210 1170
600212 1418
600216 1646
600218 1580
600213 677
600215 786
600222 818
600217 1043
600208 1979
600219 1984
600226 1738
600220 1240
600223 1303
600221 3093
600227 1203
600231 913
600228 3998
600233 1373
600230 1352
600209 3119
600235 685
600237 1311
600225 1099
600232 836
600239 1401
600241 573
600238 747
600243 671
600246 655
600249 1346
600247 1579
600250 533
600251 1025
600256 2938
600242 1227
600257 1340
600248 625
600260 2589
600252 2196
600229 1169
600258 634
600259 1846
600266 1285
600234 1186
600268 1023
600262 384
600272 503
600236 772
600265 349
600275 1512
600269 1546
600271 1758
600273 1343
600280 904
600276 1328
600282 1218
600279 971
600284 820
600283 730
600187 1589
600287 779
600281 638
600261 646
600290 1365
600278 883
600293 874
600285 656
600297 1207
600267 1491
600289 1364
600298 768
600288 1607
600292 979
600299 1092
600302 441
600301 950
600277 1351
600295 946
600305 808
600307 1457
600309 1547
600303 1668
600306 501
600300 2342
600315 785
600311 1702
600316 1617
600317 1244
600291 1897
600308 1231
600310 711
600312 1014
600325 1884
600313 1444
600318 1197
600319 719
600329 513
600320 1254
600331 1369
600321 1298
600333 1173
600332 3432
600335 959
600323 658
600336 1434
600337 729
600338 1084
600322 917
600340 2226
600339 1140
600326 1895
600327 939
600328 1122
600330 1787
600348 1651
600345 777
600346 1129
600355 876
600356 512
600350 1041
600359 1263
600343 727
600361 736
600352 3118
600360 2780
600354 1320
600367 839
600358 601
600366 1563
600362 1962
600371 1213
600363 1189
600373 1138
600365 829
600375 1166
600368 1100
600377 344
600369 1145
600378 559
600370 590
600372 698
600381 3288
600379 608
600383 1873
600385 598
600388 1116
600386 678
600380 1382
600382 1261
600353 702
600387 870
600390 1194
600391 948
600395 795
600389 513
600396 969
600398 996
600392 2425
600403 733
600397 1073
600399 1331
600376 1369
600409 1253
600408 1310
600405 1164
600393 1046
600406 988
600420 538
600415 2048
600351 870
600410 2497
600416 744
600419 535
600423 634
600421 383
600433 1311
600418 3737
600436 1137
600438 1819
600422 994
600426 769
600439 823
600446 1863
600448 988
600435 1735
600449 1139
600429 1041
600455 488
600458 1098
600444 377
600460 2534
600461 543
600452 339
600456 973
600400 1190
600459 1144
600469 1165
600462 1031
600475 465
600463 575
600476 630
600468 535
600477 1161
600470 1450
600478 1123
600425 1394
600482 1320
600483 806
600486 522
600479 543
600487 2237
600489 2812
600480 895
600428 1084
600493 616
600495 1216
600488 573
600496 1153
600499 840
600490 1432
600500 865
600497 1304
600503 4266
600498 1378
600506 685
600501 1012
600507 1649
600502 1396
600509 1206
600505 468
600466 2058
600512 1242
600513 1072
600508 592
600467 1127
600510 621
600520 719
600511 1565
600516 5052
600481 1007
600525 1168
600519 7835
600527 1636
600521 1263
600522 2625
600530 528
600526 907
600531 1341
600528 1663
600491 792
600536 2429
600515 1789
600532 1027
600535 811
600539 578
600538 475
600545 1904
600533 1023
600543 1201
600540 897
600529 1174
600549 1507
600551 775
600537 1583
600546 1438
600547 3357
600552 692
600558 891
600550 1677
600559 1614
600548 379
600560 528
600561 399
600557 573
600563 559
600555 1526
600566 773
600562 566
600569 1301
600568 1557
600571 1220
600570 2638
600565 1379
600567 2558
600556 2198
600577 1272
600572 2392
600578 828
600575 1048
600576 1642
600579 766
600580 1191
600585 2198
600573 673
600586 1375
600587 607
600589 986
600583 1692
600590 817
600582 744
600592 724
600584 3060
600588 1490
600594 738
600597 935
600593 351
600599 1395
600600 766
600596 1617
600602 975
600603 958
600605 276
600601 1948
600581 1411
600608 543
600604 2183
600612 516
600613 582
600616 836
600611 1101
600617 364
600618 598
600606 3549
600619 588
600621 1516
600622 852
600620 1247
600623 960
600609 1057
600626 1138
600624 1634
600629 433
600633 1378
600630 1327
600628 767
600637 2061
600634 1620
600639 717
600636 1314
600638 766
600640 1194
600635 2114
600644 893
600643 1596
600641 1102
600647 536
600648 1273
600645 1451
600642 1107
600649 1543
600650 701
600654 1797
600652 2389
600653 1303
600651 1368
600657 855
600655 1333
600662 1131
600658 512
600660 1329
600661 464
600665 687
600663 761
600667 1628
600671 473
600668 1452
600673 1129
600675 1097
600666 2137
600681 594
600676 656
600679 765
600664 2067
600683 552
600678 1296
600687 1707
600598 2436
600686 901
600690 2267
600685 1237
600674 625
600692 957
600688 1794
600689 732
600693 508
600695 1000
600696 2600
600694 1390
600697 519
600699 1130
600703 3179
600698 1504
600702 1848
600706 565
600704 1420
600710 1215
600705 3705
600712 1557
600691 1709
600708 937
600707 1347
600682 1525
600716 898
600684 1139
600718 1354
600719 508
600713 830
600715 942
600717 1937
600711 2312
600720 1453
600721 492
600722 1269
600729 762
600725 639
600727 901
600731 524
600724 553
600723 653
600734 1517
600735 924
600728 1676
600736 1169
600739 2303
600737 1719
600730 913
600742 1038
600732 1376
600743 729
600745 2742
600726 1668
600738 884
600749 648
600741 878
600740 1563
600748 755
600751 1954
600750 707
600753 624
600754 611
600755 2111
600759 1683
600756 1586
600758 1267
600761 605
600733 1922
600744 1471
600765 1917
600767 1219
600764 741
600746 718
600763 503
600766 1018
600770 1521
600771 601
600773 1624
600775 963
600768 417
600769 555
600777 1691
600757 875
600760 2392
600774 472
600778 596
600780 607
600779 1464
600776 2749
600789 2536
600783 1696
600790 974
600785 694
600791 753
600794 955
600781 842
600787 1025
600792 725
600797 2101
600795 2813
600796 592
600800 1640
600798 843
600801 1157
600802 962
600805 1504
600803 942
600784 1315
600782 986
600811 2516
600807 2320
600808 1754
600809 1072
600816 1889
600810 1183
600812 1606
600793 644
600817 663
600820 1123
600815 828
600821 710
600822 910
600823 968
600814 624
600819 395
600827 1430
600824 538
600830 1152
600825 959
600831 1378
600834 662
600826 636
600804 2277
600835 588
600837 3114
600828 729
600839 4330
600841 344
600829 675
600844 959
600833 408
600848 804
600836 898
600851 1263
600838 1104
600854 1186
600853 965
600845 494
600856 956
600846 1489
600818 637
600859 1709
600843 445
600855 1689
600847 393
600858 814
600865 669
600862 1283
600857 538
600864 1632
600867 1471
600871 1923
600866 883
600873 1902
600868 5407
600869 1321
600874 1037
600876 1097
600877 1417
600879 2325
600863 1138
600881 2375
600883 477
600882 823
600880 1706
600861 577
600885 543
600886 1331
600888 779
600887 3161
600890 721
600875 2401
600892 456
600893 2099
600895 1905
600889 685
600898 1390
600894 789
600896 994
600900 2121
600903 1339
600884 1611
600909 847
600917 584
600901 554
600918 754
600908 575
600928 582
600919 1062
600936 471
600897 370
600929 760
600956 372
600939 383
600959 1091
600961 653
600958 1142
600962 620
600963 1362
600966 1054
600926 583
600965 944
600933 193
600967 1157
600970 1298
600969 466
600973 802
600960 829
600977 1068
600971 838
600975 1081
600979 656
600976 337
600981 1025
600978 1759
600983 851
600980 731
600984 649
600987 630
600986 1495
600982 718
600985 506
600989 807
600992 461
600870 750
600990 408
600995 729
600872 977
600998 589
600999 1274
600993 685
600968 760
601001 968
601002 1529
601003 1067
601006 1886
600997 1056
601007 641
600988 2985
601000 1519
601011 2068
601005 1093
601008 1521
601018 1642
601009 1665
601010 1133
601012 2537
601028 535
601015 1125
601038 1175
601016 1239
601019 242
601068 540
601077 737
601020 628
601088 2336
601098 727
601086 577
601099 2959
601021 454
601101 841
601058 804
601066 1846
601069 1558
600996 438
601116 1254
601117 1933
601100 513
601107 681
601106 2960
601111 1727
601118 2375
601137 411
601113 676
601158 834
601126 582
601138 1859
601166 3523
601168 2534
601169 1992
601127 1067
601108 1440
601179 1582
601188 523
601177 661
601128 493
601199 462
601200 445
601186 3114
601211 1397
601212 1321
601139 553
601155 1738
601163 847
601162 1610
601228 669
601198 1032
601208 591
601233 1160
601218 600
601236 1211
601238 1300
601225 906
601216 6336
601288 3387
601226 606
601258 3071
601229 758
601326 346
601328 2165
601298 540
601336 998
601311 1066
601360 3006
601319 1296
601333 1469
601318 5285
601375 832
601330 927
601377 1834
601368 346
601369 810
601390 3869
601388 1199
601398 2843
601456 846
601515 609
601399 405
601231 1037
601500 458
601512 210
601222 941
601518 713
601579 430
601519 2804
601567 450
601566 479
601588 989
601598 646
601577 327
601601 1324
601339 539
601595 396
601599 675
601600 3222
601366 472
601616 520
601611 1164
601609 588
601608 1562
601615 797
601607 893
601658 650
601628 1570
601633 1857
601668 5408
601618 4036
601677 398
601678 1108
601619 618
601669 3039
601688 2270
601555 1378
601636 1431
601696 711
601689 531
601700 1345
601699 1188
601777 1756
601717 1146
601778 623
601718 2682
601727 1855
601766 7756
601606 834
601799 297
601800 1695
601808 856
601788 2545
601789 1111
601811 309
601698 1171
601798 701
601801 667
601858 344
601816 897
601818 2136
601866 1770
601827 264
601872 1547
601828 767
601877 814
601857 4654
601880 1797
601860 718
601882 315
601886 974
601869 324
601865 703
601881 767
601900 469
601899 5699
601898 1048
601890 1146
601888 1045
601901 2711
601908 1384
601929 1104
601916 611
601933 2127
601939 2160
601918 1976
601952 651
601878 1058
601965 545
601919 2750
601928 1364
601949 564
601958 1315
601966 670
601989 6125
601969 486
601838 527
601990 1897
601992 1594
601975 1642
601996 764
601985 2138
601988 3000
601991 1013
603002 930
601997 1007
601998 1113
603006 342
603000 2445
603001 645
601999 560
603003 643
603005 1654
603012 681
603007 474
603011 448
603013 472
603015 328
603008 406
603018 342
603020 379
603010 280
603022 412
603023 424
603017 313
603026 972
603016 368
603025 869
603027 626
603029 352
603019 2260
601968 702
603032 947
603033 95
603021 295
603036 405
603038 176
603028 381
603040 169
603030 339
603042 382
603039 193
603031 362
603050 385
603035 444
603055 170
603037 209
603058 329
603041 141
603053 377
603043 244
603056 480
603059 203
603069 906
603060 296
603077 1630
603009 522
603063 226
603045 372
603076 201
603081 292
603066 348
603085 436
603079 206
603078 284
603090 247
603083 400
603086 180
603088 269
603089 204
603093 518
603100 411
603095 125
603101 397
603096 164
603105 585
603098 352
603099 403
603106 495
603111 454
603110 228
603113 506
603109 243
603115 266
603108 247
603068 695
603116 540
603103 370
603118 867
603117 479
603121 551
603128 1098
603129 199
603131 400
603126 729
603138 373
603127 208
603157 490
603158 201
603136 243
603159 353
603139 168
603161 178
603165 321
603156 595
603133 376
603166 479
603123 511
603167 935
603169 1297
603168 491
603180 227
603178 272
603181 214
603186 255
603179 225
603177 263
603185 290
603187 227
603183 381
603189 489
603196 410
603198 986
603199 217
603188 573
603200 245
603195 408
603160 1462
603203 175
603212 201
603208 190
603214 303
603197 334
603192 221
603223 266
603217 179
603225 370
603221 193
603220 761
603226 264
603227 541
603232 196
603222 732
603238 252
603218 307
603236 331
603228 247
603256 416
603258 667
603229 196
603239 191
603259 885
603269 255
603266 307
603277 217
603268 253
603283 404
603278 206
603267 305
603286 236
603289 263
603260 525
603288 710
603290 526
603298 322
603301 951
603233 201
603297 225
603305 356
603299 723
603300 658
603303 230
603313 416
603306 238
603316 179
603311 342
603309 359
603319 284
603279 225
603315 289
603320 245
603317 232
603322 459
603318 833
603326 234
603323 474
603329 462
603331 179
603327 430
603330 262
603335 335
603333 626
603308 576
603336 1019
603337 190
603321 247
603351 165
603338 252
603339 356
603328 551
603345 359
603348 771
603353 223
603363 569
603355 291
603365 222
603356 219
603366 1047
603357 363
603358 264
603332 223
603369 813
603367 339
603378 287
603360 266
603377 331
603379 305
603388 191
603383 317
603389 514
603390 436
603392 551
603380 201
603396 181
603385 379
603386 480
603387 310
603398 405
603421 396
603393 524
603429 159
603408 73
603439 306
603444 1124
603359 252
603477 604
603399 861
603466 415
603458 610
603496 205
603368 373
603500 227
603488 243
603416 304
603486 396
603505 444
603508 452
603489 203
603499 390
603501 847
603518 471
603519 232
603520 335
603506 257
603528 501
603507 174
603535 293
603516 274
603527 200
603551 134
603530 494
603533 711
603456 360
603555 681
603558 253
603536 473
603556 316
603566 254
603538 289
603557 766
603569 256
603567 419
603579 247
603580 153
603568 308
603583 204
603585 193
603577 378
603587 415
603590 269
603578 225
603588 367
603586 239
603515 298
603595 184
603596 319
603589 586
603598 697
603517 280
603599 333
603607 207
603603 506
603600 515
603608 598
603601 792
603602 511
603606 483
603613 278
603559 778
603611 211
603616 706
603610 236
603609 523
603626 325
603612 444
603628 406
603615 286
603636 610
603617 259
603618 688
603619 746
603637 235
603638 173
603655 279
603639 239
603657 250
603650 459
603658 217
603659 288
603661 351
603605 304
603662 207
603663 259
603665 179
603660 456
603656 126
603666 202
603667 340
603677 174
603668 443
603630 379
603669 277
603629 162
603682 166
603676 343
603678 286
603633 234
603648 481
603687 290
603680 212
603689 409
603679 157
603693 575
603696 448
603697 556
603681 319
603698 400
603683 224
603688 450
603690 497
603701 489
603707 186
603699 532
603706 521
603708 502
603713 391
603711 361
603712 924
603718 488
603716 396
603685 121
603719 306
603686 591
603721 319
603700 208
603727 384
603728 201
603722 265
603703 494
603709 298
603730 219
603733 575
603738 527
603725 147
603737 304
603726 404
603757 183
603766 771
603767 214
603773 360
603729 321
603777 654
603776 673
603778 472
603779 406
603739 463
603787 503
603755 98
603758 310
603790 359
603798 281
603799 2209
603800 565
603768 220
603803 329
603806 403
603786 137
603808 384
603788 263
603801 144
603789 499
603815 524
603797 294
603717 308
603809 231
603810 241
603813 190
603822 296
603819 186
603811 227
603826 280
603828 291
603816 320
603829 161
603818 380
603838 306
603843 570
603823 276
603825 457
603833 203
603859 295
603839 327
603860 146
603863 370
603848 225
603855 204
603868 445
603871 191
603856 276
603858 1383
603867 283
603866 329
603880 307
603877 320
603876 592
603883 469
603878 303
603882 317
603879 348
603881 813
603885 567
603886 411
603893 459
603887 238
603895 317
603888 1339
603817 284
603898 210
603899 360
603901 430
603889 310
603906 393
603903 277
603897 274
603896 525
603915 246
603908 191
603916 312
603917 216
603909 244
603919 1049
603900 409
603922 163
603869 361
603928 278
603918 298
603920 490
603936 603
603926 176
603937 320
603939 232
603927 738
603948 190
603929 383
603949 267
603950 224
603956 281
603912 317
603959 422
603960 156
603955 198
603963 183
603967 244
603938 232
603968 243
603976 779
603966 230
603890 322
603978 293
603970 345
603979 547
603980 266
603985 166
603982 650
603958 427
603933 254
603983 221
603988 553
603986 1590
603992 204
603987 425
603989 275
603995 214
603996 529
603997 513
603990 162
603993 2754
603969 712
603999 636
605001 186
603998 455
605108 159
603977 345
605158 99
605168 270
605188 96
605166 118
605222 121
605288 120
605318 91
688003 100
688001 147
605118 82
688004 56
688005 103
688002 124
605199 281
688007 124
688009 347
688008 213
688015 94
688010 131
605399 111
688012 350
688018 135
688019 285
688020 97
688016 63
688021 35
688026 132
688023 67
688022 86
688029 111
688025 78
688030 110
688036 240
688027 166
688037 109
688033 109
688039 49
688060 59
688058 68
688051 92
688066 102
688068 164
688069 29
688080 56
688077 59
688078 39
688086 86
688028 165
688089 49
688081 53
688085 34
688050 33
688099 167
688098 64
688096 31
688088 113
688100 64
688111 99
688090 36
688106 103
688101 92
688118 92
688123 90
688126 537
688108 92
688138 81
688157 30
688116 95
688158 130
688165 64
688139 158
688159 63
688166 67
688177 130
688168 102
688180 186
688169 175
688181 42
688178 34
688006 77
688189 93
688196 78
688188 126
688200 90
688198 51
688199 96
688208 59
688202 55
688222 52
688233 98
688228 54
688258 67
688266 140
688277 58
688268 73
688256 168
688288 66
688278 56
688298 216
688299 75
688186 72
688300 41
688310 48
688309 20
688312 50
688318 105
688333 98
688321 200
688311 53
688357 78
688358 64
688360 43
688365 98
688366 86
688363 81
688368 43
688369 68
688389 53
688388 106
688396 371
688336 73
688418 50
688399 219
688488 64
688377 23
688466 33
688508 58
688505 58
688500 26
688518 70
688520 92
688558 20
688561 58
688516 37
688398 39
688555 21
688579 26
688580 20
688586 86
688588 71
688589 56
688528 20
688566 68
688599 205
688600 27
688598 54
688981 1187
688218 46
