600187 1590
000413 5185
600598 2441
600851 1264
002682 637
603318 835
002328 987
000912 1293
000935 2469
000762 1568
600068 2697
600895 1910
600595 1068
000970 1975
000541 1492
600448 990
600812 1612
600678 1298
000921 1085
600112 1943
000034 1269
601212 1327
002384 1373
600882 826
600765 1921
002091 832
600048 2822
600316 1628
000156 916
600031 3536
002321 1130
600648 1275
600710 1221
600876 1100
600331 1372
002607 2230
600094 1316
002330 1077
600866 885
601698 1176
600197 1048
600089 2921
002239 2490
600101 970
000963 1277
000957 1339
600066 1029
002945 849
600856 959
600182 1176
600722 1276
002054 963
000667 2009
000540 2979
600305 813
600513 1079
603077 1641
002581 3086
000672 1611
603012 683
600967 1162
002355 978
002094 896
601878 1065
601068 543
002320 1037
002280 2459
002619 891
002608 899
600053 1224
002046 947
601668 5416
002331 871
601628 1576
600862 1287
001696 1360
603700 209
600119 852
600109 2175
000039 1266
000795 1781
600062 806
601688 2295
600695 1006
600511 1574
603026 981
000738 1223
000530 869
000981 1264
000620 1039
000707 1030
600489 2817
000860 1012
600482 1323
000553 939
000732 1740
601633 1865
000996 2417
600172 1190
600543 1205
600535 815
000545 1350
600365 832
000601 960
600251 1028
600559 1646
600790 976
600039 1464
000782 960
002583 961
600157 4274
600599 1398
002573 852
600252 2199
600036 2141
000900 1237
601015 1144
600546 1444
600692 958
600536 2442
002121 1032
601169 2000
600259 1850
002404 978
600770 1522
601607 899
600601 1967
600410 2508
000965 864
600311 1704
002423 1088
600439 825
002269 1577
000010 1194
600177 2047
002001 1189
600022 2650
000008 904
600568 1563
600903 1342
002073 1184
002639 1256
002571 902
601555 1386
002699 830
600623 965
002790 300
601857 4667
600981 1031
000723 4001
600839 4336
600896 1009
002272 837
600817 664
002916 1002
601456 858
002163 1377
002436 1669
000823 1399
000014 802
600382 1281
600532 1028
000785 930
000777 918
002411 1917
002491 1153
000005 1211
600064 1444
600515 1794
002230 3243
601789 1113
002978 159
002432 1346
000820 1682
000615 1348
002437 920
600080 1096
600717 1938
002564 1458
000408 1358
600958 1147
600237 1317
601678 1111
601808 858
000017 1336
002154 1292
000338 2785
600576 1645
002103 826
002405 2534
002303 1271
600103 1202
000998 1535
000838 1167
600242 1232
600711 2330
000581 871
002131 2428
601018 1643
002481 2561
600085 1030
000012 2219
601231 1046
600624 1636
002097 1179
600519 7897
000663 823
002708 1140
000825 1749
000903 1784
601398 2853
002182 1040
600130 2030
002011 1088
600070 877
600409 1258
000975 1405
601989 6130
601816 902
600565 1381
002397 873
000913 1074
600067 1551
600078 1614
601933 2169
600621 1519
601328 2171
600844 962
600408 1322
600855 1698
002709 884
002095 1002
002200 1047
600470 1454
002110 1297
601928 1366
600223 1325
600853 967
600867 1475
600653 1304
002385 2975
000659 1373
600688 1796
000922 1274
002459 979
002601 1216
600405 1174
600166 4063
600021 1665
000971 880
002843 345
600887 3191
002702 1916
000868 1779
000717 1697
000561 809
000718 1347
603196 413
600705 3709
601985 2142
600644 895
600649 1544
600203 918
601236 1216
002480 676
002596 1748
600120 1584
600782 989
600297 1219
600636 1315
000564 2305
000100 7005
000401 1659
600687 1707
002041 1189
603259 895
000766 971
603005 1658
600666 2142
000959 1024
000537 914
002892 376
000595 1164
000680 1243
000576 1178
002190 2548
601700 1347
600186 1338
603032 952
600392 2436
600837 3121
603169 1301
002022 1110
600879 2331
000960 1701
600366 1565
002108 1546
002081 1040
000571 1172
600588 1494
600959 1095
600481 1010
000768 2615
600381 3293
603179 226
002176 2434
000629 4413
002474 1027
600462 1033
601016 1255
000830 2276
600686 907
000510 2400
002016 914
601929 1105
000002 7023
600150 2656
000858 4299
600088 1007
002167 1271
000962 849
000989 858
002204 1307
600328 1125
000690 972
600350 1042
600803 944
000819 2362
000009 4427
600149 1989
000656 1709
002650 1195
600330 1790
002114 924
600295 953
002122 1186
002428 1377
600030 8801
002556 1341
601166 3531
002606 1428
000031 1328
600131 885
600877 1426
000703 1032
000712 1364
601601 1332
600367 840
002012 1252
600775 964
600100 2801
000750 2212
600585 2212
000958 1649
000800 2719
002164 932
601992 1597
000895 1846
601369 814
600171 1445
000905 930
002382 1356
002130 1187
600435 1736
600159 1187
601330 929
000790 1702
002217 1915
600425 1396
002072 861
603117 481
000727 1994
002402 1153
600558 893
600017 984
002135 906
600282 1222
603369 820
600584 3078
000019 1364
600836 901
000630 2011
600221 3111
000061 990
002243 1856
600698 1511
600549 1512
002201 1792
601333 1471
600299 1094
000862 1423
600211 953
600846 1494
601618 4042
002067 1636
000826 1213
603000 2449
002695 1109
600735 935
000948 924
002079 1392
600596 1620
600802 963
600373 1142
600478 1125
002309 830
002326 1639
600704 1424
002426 1186
002490 948
002626 1129
002602 1501
002603 2228
600093 1937
600804 2287
600756 1587
002574 919
600784 1317
600633 1381
002162 983
000155 1409
000040 1502
002340 2842
600664 2074
600139 1090
002317 874
600415 2052
600231 916
002584 1364
002673 2057
002003 553
002087 1187
000983 1401
600210 1172
600189 963
002443 940
000666 815
600162 1301
601888 1052
600456 975
600320 1257
002451 964
600708 938
600716 899
601066 1857
000027 1340
601766 7768
600229 1171
000676 2060
002941 920
600712 1559
601319 1303
600577 1273
600228 4008
601991 1016
600983 863
000949 1224
600387 884
002071 1711
601010 1135
000793 2071
600815 829
002185 3162
601717 1148
600871 1926
000592 1620
600732 1378
000532 1189
603519 232
000812 1131
000523 1369
002004 941
600872 988
000533 1033
600388 1118
000815 1050
600429 1042
000822 970
600807 2322
002547 2901
002396 1220
002736 972
002086 1145
601101 845
600199 1896
600000 4095
600859 1712
600900 2127
000597 859
002567 1284
000836 978
002151 1831
600517 1152
002681 1325
000999 805
600107 1010
600696 2609
600446 1866
002099 1004
002221 902
000567 1031
603712 926
000001 4155
000810 1203
000655 1028
600766 1026
002158 852
000062 1002
600744 1489
601997 1019
000720 1004
600874 1038
600875 2408
601360 3037
601011 2071
002717 852
600326 1898
600076 925
600376 1372
600581 1417
002817 217
002449 915
601669 3044
000786 922
601800 1700
000613 818
600406 990
000811 1023
600738 885
000755 1021
600909 849
600200 4044
000679 823
603353 224
002421 1110
600989 811
600848 805
601038 1185
000521 1508
002100 935
600512 1255
601699 1195
601001 975
002284 990
600467 1129
600011 961
002610 2148
601168 2547
600884 1616
002007 1943
000923 916
600728 1681
600375 1168
601998 1114
002076 931
603301 970
000069 1335
600233 1380
600635 2117
600868 5410
002191 1032
002175 1241
600292 988
002684 881
600333 1176
000662 1141
002506 5807
600572 2398
600275 1519
002292 1590
600198 2526
603019 2278
600978 1761
002202 2385
600307 1462
000831 2744
002517 1396
600232 836
002407 2201
603927 743
600787 1028
600690 2273
600271 1766
600113 1646
000409 852
002083 1306
600216 1651
600886 1333
001896 1334
002277 1726
601006 1889
600135 998
002017 1014
002431 1521
002512 1142
002036 1093
002113 1063
000632 839
000751 1881
002132 1104
002649 926
002464 1142
600801 1160
000797 832
601179 1585
002145 1403
000728 1661
600111 5975
600580 1196
002137 1173
600090 1319
002084 864
600227 1208
600522 2632
600217 1045
002670 1107
600371 1215
600800 1642
600175 2303
601611 1167
002078 969
002445 897
000555 1387
000918 1713
600266 1287
600321 1301
002460 3139
002172 819
600354 1326
000898 1457
601615 803
002605 1084
000897 1990
601666 1165
002642 1107
002332 715
002148 1030
600703 3206
002314 819
002669 486
600533 1027
002388 792
601777 1765
600526 914
000551 824
002386 1245
600583 1695
601225 914
002697 1147
000778 2044
600380 1384
600188 986
600291 1914
002665 1483
002379 1484
002102 1682
002446 960
002912 429
002646 1211
600668 1460
600257 1365
002307 1598
000917 2372
000688 1037
002488 1137
002701 1308
600797 2105
601005 1113
000636 2424
000721 1173
002168 1895
600152 1065
601600 3233
600422 996
601606 836
002236 1691
600590 822
002560 872
600545 1906
002629 1848
600997 1060
002119 1070
000301 903
002289 804
600359 1265
601390 3876
002273 1440
600308 1237
601012 2556
000425 2529
002308 1378
002378 927
002470 1539
000729 987
002714 1257
600640 1196
600125 1251
600556 2202
603128 1100
000700 2222
002275 318
002369 1333
600028 4264
000976 973
002115 959
002392 884
600165 1247
600823 969
002049 2495
600301 959
000977 2629
601058 807
002418 847
002129 1881
600755 2114
600733 2029
002612 1139
601990 1924
000554 1210
600127 2473
002468 1112
002413 1211
600390 1199
002554 1082
000972 1029
600051 928
002772 464
000519 2248
000966 1255
603118 869
600975 1084
000505 1271
600497 1306
000813 1543
601886 978
600196 3268
600010 6553
600433 1314
600745 2787
000788 1095
002582 1179
600317 1244
000514 1090
000881 1343
002161 2072
002242 945
600660 1335
600239 1419
000938 1658
002302 1558
603718 491
002139 943
000498 1138
601198 1034
600176 924
002116 292
000932 1908
000625 3890
600737 1725
600225 1100
000507 1810
000789 1377
601336 1001
000927 1748
002447 1755
000926 1559
600827 1434
600869 1325
600622 854
002157 2158
603858 1393
002647 3018
600795 2815
600458 1101
002594 6059
000886 1412
600606 3557
000807 1493
002223 1512
002166 1359
600207 1942
002019 1225
000673 1364
600555 1528
600479 547
600279 972
002052 2214
603339 357
000783 1839
000816 2555
600396 971
002657 1100
000557 1423
601880 1801
600133 1568
600726 1669
600751 1962
000837 1099
000603 1417
000758 2001
000928 1349
002721 1146
000726 827
002600 3654
600018 1656
600500 870
600160 1852
600571 1223
002306 2210
000423 1415
002521 943
600604 2185
000403 811
002259 992
600269 1547
600278 884
002155 1990
000506 1554
600757 876
000961 903
000150 902
600699 1137
603336 1024
600027 1031
600300 2375
000875 2106
600854 1186
002354 1293
000030 1082
002352 1336
601901 2763
002373 1230
603986 1598
002312 1823
002051 638
002315 933
600654 1799
000599 1087
600499 846
002318 831
600033 1283
002075 1451
600589 994
600037 1266
600006 2054
002542 834
600123 1363
000591 1622
002056 1537
600023 1190
002353 1592
002222 1056
000791 899
600501 1014
600503 4267
002047 903
000622 1209
002387 974
600540 905
000780 813
603993 2771
000635 969
002735 267
600332 3440
600893 2128
000681 1092
600155 1298
600460 2567
600019 2438
600075 1125
688981 1193
000809 1901
600531 1345
600586 1379
002245 1006
000818 1587
600383 1876
600973 803
002663 1033
000016 2459
600206 1892
600260 2598
600153 1189
002169 1361
002006 1047
002077 1185
600767 1222
000806 2399
600118 1983
600741 880
002266 1210
002839 965
000677 1310
600106 1043
600685 1246
600436 1144
002415 1775
000802 1642
600335 961
601718 2689
002334 1021
601069 1559
002237 2019
002611 860
601222 945
600438 1832
600960 837
601975 1645
002439 925
600488 575
600143 1965
600104 2688
002570 1926
601211 1412
000582 905
000610 1125
002233 1049
600202 1054
002501 1210
002147 922
600637 2066
000036 1144
000058 1208
603025 882
601377 1846
002055 894
000861 885
002224 927
002552 1680
600256 2940
002724 394
600858 815
002089 1469
002475 2026
600108 2101
000616 1760
002489 1411
601163 852
002524 1185
600247 1579
000638 850
000908 1167
600327 942
601099 2978
601118 2379
603501 850
002063 1147
002008 2238
600132 2694
600399 1334
600072 2162
600718 1359
600061 1114
600919 1068
000333 2400
002535 932
000776 2003
603919 1063
000931 1466
000422 1473
600170 1337
600977 1075
603716 399
600179 900
000056 806
000835 1397
002624 1180
600798 852
002575 1002
002013 1009
002005 1671
600873 1904
002655 1501
601727 1860
000850 1283
002371 1057
000839 3973
002294 849
601311 1071
002838 1229
002045 1197
601158 836
600267 1496
000517 1037
002029 993
002628 1197
002528 903
000657 964
002249 1050
002457 1344
600603 959
000559 2119
600086 1656
002276 1245
002503 2563
002548 803
601009 1669
000488 1711
600273 1346
603444 1128
600779 1472
601818 2145
000049 948
002770 1141
600063 1420
002797 2546
000821 891
002256 1505
002497 2383
002358 982
600509 1215
002494 1057
002142 988
002109 899
600368 1101
600881 2377
002263 2266
000859 1494
000933 1620
600777 1700
601106 2963
600466 2065
600218 1583
603069 909
002463 2476
600360 2792
002024 7375
600191 1251
002027 2109
001914 905
600393 1079
002959 448
002905 817
002668 2477
002429 1164
000568 2085
603035 467
600822 910
600642 1108
600495 1216
600691 1713
600128 1118
002930 915
600657 856
000982 2384
002281 965
000711 859
600550 1677
000607 1095
002341 1359
002152 1615
600477 1163
002822 589
600158 3677
002551 1297
000598 1743
000547 1431
002291 2096
000883 1405
002417 1024
000856 1358
002235 1882
000955 2007
600400 1193
002496 1114
600110 2854
601111 1732
600418 3751
600794 957
002156 1685
000799 3159
000572 1943
002183 1868
002486 2341
000420 925
601918 1982
601186 3121
000563 1271
002065 2213
002703 991
000661 1871
600702 1888
600234 1187
002197 965
600050 4844
000993 932
002214 1166
000612 1683
600313 1449
600122 1855
600084 1708
601008 1523
000716 1129
600208 1983
600069 2178
600805 1506
600209 3120
000878 1692
002092 2067
000682 1195
601608 1564
002348 850
002210 1172
600758 1271
601872 1550
000536 1597
002356 833
601288 3393
002343 914
000529 807
600783 1699
600363 1191
600616 843
600809 1089
600115 2124
002240 2985
603790 360
002025 749
600651 1370
002726 961
002118 2199
002864 337
603989 275
000829 2167
600026 1292
600999 1279
000063 7477
600736 1173
000166 2007
600760 2400
000671 826
600502 1399
600808 1758
000953 825
600988 2990
002186 1395
002640 1558
600652 2397
002031 1012
002346 940
000584 894
002476 1007
002505 1856
600020 1313
002526 1426
000833 816
000988 1935
601238 1313
600694 1394
000090 957
000987 1432
600816 1897
002425 1503
600715 947
002617 1726
002625 2305
600734 1520
600963 1370
600105 1147
002123 1574
600289 1368
000735 7757
601155 1740
002511 854
000969 1224
002344 1116
002798 349
002207 856
002104 1796
600655 1341
000796 1069
600398 1000
603881 817
000892 1017
601898 1052
002285 972
600810 1184
600643 1597
000402 1674
600116 1157
600527 1643
000687 1151
002716 1647
002124 1328
600971 840
002622 1384
000538 1036
600626 1140
601233 1165
600597 940
600776 2751
600058 1315
600569 1310
603799 2220
002761 955
600369 1147
600138 871
002906 317
600742 1040
600730 917
600293 876
601908 1391
002299 913
600303 1670
600645 1452
000520 2465
603726 405
600529 1185
002408 1330
002194 1570
002351 2172
000882 1258
601877 818
002448 858
000990 893
600641 1106
600575 1050
603167 936
601108 1454
600720 1458
002298 1121
600611 1101
002440 1015
600490 1440
000709 3572
600516 5064
600634 1631
000410 2270
000686 1245
600322 919
600428 1087
000997 1716
000518 2128
600740 1570
600537 1585
601138 1871
600609 1059
002537 959
601636 1437
600029 2224
601988 3004
002093 1181
601088 2340
000713 1688
002635 1103
000587 2194
002366 952
600811 2518
600547 3364
600151 1240
002614 802
600249 1353
002127 1272
600707 1361
002389 1188
000068 869
600789 2543
002261 2316
600352 3127
600015 1610
000697 2391
002400 4316
002064 832
002399 1524
002270 686
601899 5729
000066 2920
600480 897
600630 1328
002555 1673
002414 970
002218 863
000157 3716
600727 904
600016 3333
000936 1405
002422 1168
002613 871
600469 1167
600185 1702
600056 1069
002565 2010
600004 987
600662 1137
600773 1630
002199 1022
603633 235
002234 1137
000059 1251
002638 1072
000611 1018
000046 987
601127 1148
002195 2723
000767 1227
000516 1617
002192 1512
600713 832
000722 862
000725 10589
002946 338
603399 862
600219 1992
002467 2094
000930 2289
002274 1216
600397 1075
002733 936
600141 1248
002630 1121
601000 1522
600759 1689
600008 1677
002383 995
002416 1143
600684 1146
000980 3066
002229 1336
600483 807
000585 1252
600114 967
002288 1394
001979 838
000011 1198
600391 949
002208 1077
000733 821
002106 1860
000869 876
601788 2555
600277 1356
601258 3090
002510 1834
600928 587
601388 1208
600498 1386
600820 1125
600183 1805
002048 1002
002060 978
600620 1249
002662 1230
600212 1420
600009 1144
002069 1698
600226 1741
002498 1619
600348 1656
600121 1338
000937 1034
600163 1448
000901 1136
600459 1147
603515 299
600161 1402
600290 1376
000852 1154
002241 3055
600970 1299
601002 1534
000400 982
600831 1380
600193 1352
000752 1484
600830 1152
002252 1782
600528 1665
002264 1488
601375 838
600280 905
600276 1343
000404 940
600351 873
002310 2289
002471 1142
600288 1609
000415 1427
600338 1097
002739 2257
002146 1565
600567 2563
600222 818
600863 1140
601939 2167
600169 1520
600578 836
002002 1839
600318 1199
002174 1806
000798 824
601866 1778
002304 1898
600781 848
002181 1070
600340 2268
000701 900
002362 1849
002751 848
002648 812
002500 1363
600060 3077
601162 1628
000158 1868
600507 1654
002515 1258
600682 1531
603366 1052
600675 1098
601116 1255
000025 2189
600268 1026
000737 955
000566 997
002170 1139
000731 1245
000543 1178
600146 1459
002061 808
002329 1923
600673 1132
600145 1360
603160 1484
600052 970
000698 1496
600667 1636
600284 821
000021 1992
600602 976
603002 936
600336 1441
002057 1503
600096 1429
600496 1161
000550 829
000099 971
002178 1319
002458 1310
600362 1983
002325 988
002558 1141
600838 1104
002038 1191
601117 1941
600082 1049
002043 2048
002444 931
600986 1500
002305 1156
000973 1764
600521 1273
601958 1318
600966 1057
600525 1171
600220 1241
600880 1708
002044 1101
603198 997
000739 949
002465 1623
000851 2048
600059 1251
600965 945
002872 466
600739 2311
002021 902
002339 846
002375 972
000558 1149
000600 882
002030 2917
601519 2807
600570 2643
600487 2244
002028 1028
000606 1645
002456 4910
601588 990
002424 1572
600825 959
600346 1132
600230 1354
601890 1149
600864 1636
000007 890
600898 1392
601919 2801
600035 872
600057 935
002875 342
603888 1341
002300 1021
002160 968
002215 955
002074 2609
601216 6368
002730 323
002466 4335
600095 2281
600073 1147
600355 877
000589 1065
600325 1887
002177 2051
000006 1049
000623 1692
002211 990
600309 1553
000159 1526
600312 1015
600449 1142
601318 5327
601003 1073
600339 1143
000503 1355
